% latex table generated in R 3.4.1 by xtable 1.8-2 package
% Tue Dec 12 16:43:15 2017
\begin{table}[ht]
\centering
\begin{tabular}{rrrrrrrrrrrrr}
  \hline
 & NXT & PPC & BTS & XPY & XRP & SLR & LTC & CNMT & BTC & HTML5 & S.P100 & GOLD \\ 
  \hline
NXT & 1.00 & -0.06 & 0.11 & 0.15 & 0.18 & -0.15 & 0.09 & 0.03 & 0.01 & -0.05 & 0.07 & -0.03 \\ 
  PPC & -0.06 & 1.00 & 0.18 & 0.29 & -0.07 & 0.04 & 0.29 & -0.09 & 0.20 & -0.09 & -0.02 & 0.04 \\ 
  BTS & 0.11 & 0.18 & 1.00 & 0.59 & 0.00 & -0.03 & 0.19 & 0.03 & 0.28 & -0.06 & 0.00 & -0.05 \\ 
  XPY & 0.15 & 0.29 & 0.59 & 1.00 & 0.16 & -0.46 & 0.28 & 0.15 & 0.23 & -0.16 & -0.24 & -0.22 \\ 
  XRP & 0.18 & -0.07 & 0.00 & 0.16 & 1.00 & -0.12 & -0.09 & 0.02 & -0.09 & -0.16 & 0.08 & -0.03 \\ 
  SLR & -0.15 & 0.04 & -0.03 & -0.46 & -0.12 & 1.00 & 0.01 & -0.01 & -0.00 & -0.10 & 0.06 & -0.04 \\ 
  LTC & 0.09 & 0.29 & 0.19 & 0.28 & -0.09 & 0.01 & 1.00 & -0.00 & 0.56 & -0.15 & 0.04 & -0.04 \\ 
  CNMT & 0.03 & -0.09 & 0.03 & 0.15 & 0.02 & -0.01 & -0.00 & 1.00 & -0.04 & -0.04 & 0.09 & 0.00 \\ 
  BTC & 0.01 & 0.20 & 0.28 & 0.23 & -0.09 & -0.00 & 0.56 & -0.04 & 1.00 & 0.00 & 0.07 & 0.02 \\ 
  HTML5 & -0.05 & -0.09 & -0.06 & -0.16 & -0.16 & -0.10 & -0.15 & -0.04 & 0.00 & 1.00 & -0.11 & 0.01 \\ 
  S.P100 & 0.07 & -0.02 & 0.00 & -0.24 & 0.08 & 0.06 & 0.04 & 0.09 & 0.07 & -0.11 & 1.00 & -0.16 \\ 
  GOLD & -0.03 & 0.04 & -0.05 & -0.22 & -0.03 & -0.04 & -0.04 & 0.00 & 0.02 & 0.01 & -0.16 & 1.00 \\ 
   \hline
\end{tabular}
\end{table}
