
% latex table generated in R 3.4.1 by xtable 1.8-2 package
% Tue Dec  5 09:05:49 2017
\begin{table}[ht]
\centering
\begin{tabular}{rrrrrrrrrrrrr}
  \hline
 & nxt & ppc & bts & xpy & xrp & slr & ltc & cnmt & btc & html5 & S\&P100 & GOLD \\ 
  \hline
nxt & 1.00 & -0.16 & 0.10 & 0.15 & 0.32 & -0.06 & 0.05 & 0.10 & 0.12 & -0.05 & 0.08 & -0.03 \\ 
  ppc & -0.16 & 1.00 & 0.19 & 0.29 & 0.03 & -0.04 & 0.49 & -0.03 & 0.20 & -0.09 & -0.02 & -0.04 \\ 
  bts & 0.10 & 0.19 & 1.00 & 0.59 & 0.00 & -0.03 & 0.20 & 0.01 & 0.30 & -0.07 & 0.00 & -0.06 \\ 
  xpy & 0.15 & 0.29 & 0.59 & 1.00 & 0.16 & -0.46 & 0.28 & 0.86 & 0.23 & -0.16 & -0.24 & -0.22 \\ 
  xrp & 0.32 & 0.03 & 0.00 & 0.16 & 1.00 & -0.06 & -0.13 & -0.03 & -0.21 & -0.16 & 0.09 & -0.04 \\ 
  slr & -0.06 & -0.04 & -0.03 & -0.46 & -0.06 & 1.00 & -0.02 & -0.02 & 0.03 & -0.10 & 0.08 & -0.06 \\ 
  ltc & 0.05 & 0.49 & 0.20 & 0.28 & -0.13 & -0.02 & 1.00 & -0.01 & 0.65 & -0.15 & 0.02 & -0.04 \\ 
  cnmt & 0.10 & -0.03 & 0.01 & 0.86 & -0.03 & -0.02 & -0.01 & 1.00 & -0.10 & -0.08 & 0.08 & 0.03 \\ 
  btc & 0.12 & 0.20 & 0.30 & 0.23 & -0.21 & 0.03 & 0.65 & -0.10 & 1.00 & 0.00 & 0.01 & 0.02 \\ 
  html5 & -0.05 & -0.09 & -0.07 & -0.16 & -0.16 & -0.10 & -0.15 & -0.08 & 0.00 & 1.00 & -0.12 & 0.01 \\ 
  S\&P100 & 0.08 & -0.02 & 0.00 & -0.24 & 0.09 & 0.08 & 0.02 & 0.08 & 0.01 & -0.12 & 1.00 & -0.16 \\ 
  GOLD & -0.03 & -0.04 & -0.06 & -0.22 & -0.04 & -0.06 & -0.04 & 0.03 & 0.02 & 0.01 & -0.16 & 1.00 \\ 
   \hline
   \caption{Correlation TOP-10 CC 2014}
\end{tabular}
\end{table}

% latex table generated in R 3.4.1 by xtable 1.8-2 package
% Tue Dec  5 09:05:49 2017
\begin{table}[ht]
\centering
\begin{tabular}{rrrrrrrrrrrrr}
  \hline
 & maid & str & doge & bts & dash & eth & ltc & xrp & html5 & btc & S\&P100 & GOLD \\ 
  \hline
maid & 1.00 & -0.02 & 0.30 & 0.18 & 0.30 & 0.07 & 0.17 & 0.29 & -0.02 & 0.43 & -0.04 & -0.04 \\ 
  str & -0.02 & 1.00 & 0.12 & 0.10 & 0.04 & 0.04 & 0.04 & 0.11 & 0.06 & 0.10 & -0.03 & -0.07 \\ 
  doge & 0.30 & 0.12 & 1.00 & 0.47 & 0.39 & 0.19 & 0.51 & 0.35 & -0.13 & 0.66 & -0.01 & 0.08 \\ 
  bts & 0.18 & 0.10 & 0.47 & 1.00 & 0.23 & 0.28 & 0.28 & 0.30 & -0.09 & 0.35 & -0.01 & 0.05 \\ 
  dash & 0.30 & 0.04 & 0.39 & 0.23 & 1.00 & 0.20 & 0.22 & 0.23 & -0.13 & 0.53 & 0.01 & 0.03 \\ 
  eth & 0.07 & 0.04 & 0.19 & 0.28 & 0.20 & 1.00 & 0.22 & -0.03 & 0.05 & 0.26 & 0.05 & 0.03 \\ 
  ltc & 0.17 & 0.04 & 0.51 & 0.28 & 0.22 & 0.22 & 1.00 & 0.22 & -0.19 & 0.54 & -0.07 & 0.02 \\ 
  xrp & 0.29 & 0.11 & 0.35 & 0.30 & 0.23 & -0.03 & 0.22 & 1.00 & -0.07 & 0.36 & 0.02 & 0.06 \\ 
  html5 & -0.02 & 0.06 & -0.13 & -0.09 & -0.13 & 0.05 & -0.19 & -0.07 & 1.00 & -0.20 & -0.09 & -0.07 \\ 
  btc & 0.43 & 0.10 & 0.66 & 0.35 & 0.53 & 0.26 & 0.54 & 0.36 & -0.20 & 1.00 & 0.00 & 0.02 \\ 
  S\&P100 & -0.04 & -0.03 & -0.01 & -0.01 & 0.01 & 0.05 & -0.07 & 0.02 & -0.09 & 0.00 & 1.00 & -0.06 \\ 
  GOLD & -0.04 & -0.07 & 0.08 & 0.05 & 0.03 & 0.03 & 0.02 & 0.06 & -0.07 & 0.02 & -0.06 & 1.00 \\ 
   \hline
      \caption{Correlation TOP-10 CC 2015}
\end{tabular}
\end{table}

% latex table generated in R 3.4.1 by xtable 1.8-2 package
% Tue Dec  5 09:05:49 2017
\begin{table}[ht]
\centering
\begin{tabular}{rrrrrrrrrrrrr}
  \hline
 & dao & leo & xmr & dash & steem & etc & ltc & xrp & eth & btc & S\&P100 & GOLD \\ 
  \hline
dao & 1.00 & 0.04 & 0.03 & 0.16 & 0.02 & -0.20 & 0.15 & 0.05 & 0.88 & 0.20 & 0.07 & -0.09 \\ 
  leo & 0.04 & 1.00 & 0.06 & 0.03 & 0.09 & -0.00 & -0.00 & -0.03 & 0.03 & 0.05 & 0.04 & -0.11 \\ 
  xmr & 0.03 & 0.06 & 1.00 & 0.11 & -0.02 & -0.16 & 0.12 & 0.03 & 0.15 & 0.17 & 0.04 & -0.05 \\ 
  dash & 0.16 & 0.03 & 0.11 & 1.00 & 0.02 & 0.17 & 0.06 & 0.03 & 0.10 & 0.13 & 0.13 & -0.01 \\ 
  steem & 0.02 & 0.09 & -0.02 & 0.02 & 1.00 & 0.09 & -0.01 & -0.04 & 0.04 & 0.11 & 0.11 & -0.05 \\ 
  etc & -0.20 & -0.00 & -0.16 & 0.17 & 0.09 & 1.00 & -0.15 & 0.00 & -0.21 & -0.30 & 0.05 & 0.06 \\ 
  ltc & 0.15 & -0.00 & 0.12 & 0.06 & -0.01 & -0.15 & 1.00 & 0.01 & 0.03 & 0.74 & -0.06 & 0.11 \\ 
  xrp & 0.05 & -0.03 & 0.03 & 0.03 & -0.04 & 0.00 & 0.01 & 1.00 & 0.07 & 0.03 & 0.11 & -0.00 \\ 
  eth & 0.88 & 0.03 & 0.15 & 0.10 & 0.04 & -0.21 & 0.03 & 0.07 & 1.00 & 0.09 & -0.05 & 0.01 \\ 
  btc & 0.20 & 0.05 & 0.17 & 0.13 & 0.11 & -0.30 & 0.74 & 0.03 & 0.09 & 1.00 & -0.02 & 0.08 \\ 
  S\&P100 & 0.07 & 0.04 & 0.04 & 0.13 & 0.11 & 0.05 & -0.06 & 0.11 & -0.05 & -0.02 & 1.00 & -0.35 \\ 
  GOLD & -0.09 & -0.11 & -0.05 & -0.01 & -0.05 & 0.06 & 0.11 & -0.00 & 0.01 & 0.08 & -0.35 & 1.00 \\ 
   \hline
      \caption{Correlation TOP-10 CC 2016}
\end{tabular}
\end{table}