% latex table generated in R 3.4.1 by xtable 1.8-2 package
% Tue Dec 12 16:43:15 2017
\begin{table}[ht]
\centering
\begin{tabular}{rrrrrrrrrrrrr}
  \hline
 & MAID & STR & DOGE & BTS & DASH & ETH & LTC & XRP & HTML5 & BTC & S.P100 & GOLD \\ 
  \hline
MAID & 1.00 & -0.02 & 0.30 & 0.18 & 0.30 & 0.28 & 0.17 & 0.29 & -0.02 & 0.42 & -0.04 & -0.04 \\ 
  STR & -0.02 & 1.00 & 0.12 & 0.10 & 0.04 & -0.03 & 0.04 & 0.11 & 0.06 & 0.10 & -0.03 & -0.06 \\ 
  DOGE & 0.30 & 0.12 & 1.00 & 0.48 & 0.40 & 0.18 & 0.51 & 0.35 & -0.13 & 0.67 & -0.02 & 0.10 \\ 
  BTS & 0.18 & 0.10 & 0.48 & 1.00 & 0.23 & 0.23 & 0.28 & 0.29 & -0.09 & 0.36 & -0.02 & 0.07 \\ 
  DASH & 0.30 & 0.04 & 0.40 & 0.23 & 1.00 & 0.19 & 0.22 & 0.23 & -0.13 & 0.53 & 0.01 & 0.04 \\ 
  ETH & 0.28 & -0.03 & 0.18 & 0.23 & 0.19 & 1.00 & 0.19 & -0.02 & 0.13 & 0.24 & -0.00 & -0.03 \\ 
  LTC & 0.17 & 0.04 & 0.51 & 0.28 & 0.22 & 0.19 & 1.00 & 0.22 & -0.18 & 0.54 & -0.07 & 0.02 \\ 
  XRP & 0.29 & 0.11 & 0.35 & 0.29 & 0.23 & -0.02 & 0.22 & 1.00 & -0.07 & 0.36 & 0.02 & 0.06 \\ 
  HTML5 & -0.02 & 0.06 & -0.13 & -0.09 & -0.13 & 0.13 & -0.18 & -0.07 & 1.00 & -0.19 & -0.09 & -0.07 \\ 
  BTC & 0.42 & 0.10 & 0.67 & 0.36 & 0.53 & 0.24 & 0.54 & 0.36 & -0.19 & 1.00 & -0.01 & 0.04 \\ 
  S.P100 & -0.04 & -0.03 & -0.02 & -0.02 & 0.01 & -0.00 & -0.07 & 0.02 & -0.09 & -0.01 & 1.00 & -0.06 \\ 
  GOLD & -0.04 & -0.06 & 0.10 & 0.07 & 0.04 & -0.03 & 0.02 & 0.06 & -0.07 & 0.04 & -0.06 & 1.00 \\ 
   \hline
\end{tabular}
\end{table}
